29.74995754	-95.52669402
29.7411867	-95.56688844
29.76620822	-95.56707901
29.77331927	-95.54813311
29.74625826	-95.60159624
29.81539311	-95.55795824
29.74950482	-95.48904617
29.79504365	-95.52995816
29.79235898	-95.57424903
29.7850019	-95.39803844
29.7473909	-95.40011593
29.74303526	-95.48460689
29.68237558	-95.59759551
29.68207034	-95.59779293
29.80277714	-95.5097943
29.78751691	-95.47035133
29.82697655	-95.49291268
29.72834323	-95.47871051
29.82697655	-95.49291268
29.77984047	-95.33663176
29.74670153	-95.41656302
29.75100723	-95.54927439
29.82917586	-95.45096581
29.81009173	-95.3868347
29.73391397	-95.4834618
29.7878687	-95.43903039
29.78281853	-95.37695845
29.82243408	-95.39146002
29.72789902	-95.47325927
29.68989821	-95.50882917
29.69865162	-95.47463483
29.83996886	-95.43062158
29.72902859	-95.53803431
29.8146629	-95.53237913
29.79554943	-95.37690259
29.73254978	-95.61111882
29.80526951	-95.40068407
29.8215891	-95.3924077
29.87652946	-95.29483139
29.68314143	-95.59801891
29.69501184	-95.58639428
29.84271582	-95.30958159
29.78091997	-95.38192337
29.75045966	-95.50301367
29.75988846	-95.56438984
29.83242115	-95.39725878
29.76747213	-95.4006701
29.81175264	-95.52646268
29.8424031	-95.37248832
29.84556312	-95.39325259
29.72751572	-95.47361762
29.64244012	-95.54499592
29.72680366	-95.47270536
29.83755713	-95.37831678
29.79194205	-95.42959292
29.80451878	-95.41145357
29.81740123	-95.54422438
29.75729364	-95.46529369
29.80263729	-95.37413699
29.80824163	-95.4813945
29.69002168	-95.58302789
29.82942199	-95.518081
29.8279163	-95.46543442
29.72700566	-95.47121506
29.68361886	-95.59742414
29.82745075	-95.51310597
29.72713798	-95.46859275
29.82068886	-95.38989819
29.728385	-95.47334906
29.66062297	-95.58013996
29.838814	-95.39552255
29.84211366	-95.37358394
29.80145531	-95.47909518
29.64910374	-95.54861864
29.74321145	-95.56665205
29.77469091	-95.42083633
29.74110985	-95.34268949
29.68207724	-95.59697455
29.73198905	-95.40797602
29.87877717	-95.29378134
29.73992541	-95.33884433
29.67600147	-95.48519598
29.67763665	-95.51115148
29.68344004	-95.46070649
29.8518762	-95.4326579
29.58836523	-95.45195272
29.74262154	-95.5633658
29.6546929	-95.53909843
29.69270994	-95.49140729
29.64520937	-95.55039406
29.68672234	-95.48466277
29.7099722	-95.47408518
29.62391713	-95.44422689
29.6802955	-95.53149325
29.65519517	-95.53908489
29.66099532	-95.60356004
29.65024254	-95.48303925
29.68129675	-95.53435153
29.68880561	-95.50306478
29.67769881	-95.46819848
29.80404884	-95.53600549
29.68031581	-95.49506649
29.65423353	-95.49613894
29.68041485	-95.45187955
29.66855344	-95.53713346
29.66788763	-95.60742845
29.66015603	-95.34791605
29.68162391	-95.53493243
29.76107035	-95.38579168
29.65116151	-95.48609749
29.67486578	-95.48875693
29.80070729	-95.35794628
29.68174978	-95.5339363
29.68165232	-95.53378037
29.65487781	-95.56750472
29.64706913	-95.54598298
29.71116327	-95.35104955
29.55437325	-95.14478252
29.76396948	-95.39893716
29.55358649	-95.15384708
29.6820813	-95.45816806
29.65283399	-95.49379918
29.67952536	-95.51738593
29.68091498	-95.50494907
29.67782649	-95.51593664
29.82144043	-95.32599656
29.60416503	-95.46712882
29.86533506	-95.30090689
29.67561789	-95.4722294
29.67238869	-95.46371421
29.60412132	-95.42247877
29.68441522	-95.46028264
29.65941478	-95.58779201
29.67533458	-95.4643622
29.60494848	-95.46927991
29.67541771	-95.47117528
29.68075574	-95.45125581
29.6159535	-95.45668895
29.71139913	-95.46057116
29.59065902	-95.19415302
29.68215339	-95.47345785
29.62217848	-95.40635424
29.84936457	-95.54766602
29.65433467	-95.4939963
29.66384946	-95.59652561
29.73873848	-95.49870789
29.6584812	-95.58784759
29.58503503	-95.45473669
29.68207715	-95.53452563
29.65262616	-95.49405041
29.68127618	-95.44961295
29.6720568	-95.46462696
29.85375359	-95.43455064
29.88013094	-95.28924331
29.61957508	-95.40305073
29.69912687	-95.44039819
29.60769246	-95.40993032
29.78602685	-95.41344629
29.64728626	-95.53784739
29.67673439	-95.46697347
29.80486616	-95.57322544
29.83648052	-95.54312321
29.8132038	-95.34917461
29.82189165	-95.34255253
29.61541867	-95.33900736
29.82115417	-95.33933645
29.674984	-95.58309182
29.68311373	-95.46046456
29.81858812	-95.34412894
29.65146502	-95.4951612
29.65111094	-95.24575762
29.82110554	-95.38875422
29.81940584	-95.33908611
29.64749203	-95.5379363
29.68073026	-95.46256703
29.58737234	-95.45077944
29.81343473	-95.32576756
29.680698	-95.50619242
29.67755687	-95.50959824
29.88013329	-95.28869283
30.03911486	-95.2276487
29.68782816	-95.56499884
29.81343473	-95.32576756
29.59637364	-95.19789053
29.67574157	-95.47778996
29.71335662	-95.60868434
29.79227163	-95.52743106
29.78666785	-95.41441413
29.64163505	-95.54431465
29.58440797	-95.45585287
29.76372912	-95.37977513
29.88150064	-95.29238586
29.58395826	-95.45617868
29.69079328	-95.60168751
29.83943548	-95.45291589
29.77155875	-95.19519816
29.81415118	-95.43971174
29.77179787	-95.19170793
29.79086761	-95.52661485
29.60482026	-95.26984647
29.65376903	-95.4973061
29.82863158	-95.38135875
29.58506037	-95.45248369
29.8118367	-95.44433574
29.68043973	-95.45007652
29.68894196	-95.60425571
29.6713567	-95.53328701
29.67965674	-95.5049362
29.67839916	-95.5032938
29.65121429	-95.55051068
29.82179941	-95.51011376
29.6788731	-95.329164
29.83917071	-95.35106042
29.80854505	-95.42308339
29.79041883	-95.52892285
29.73755519	-95.36912898
29.64931876	-95.48454722
29.6803972	-95.49326457
29.73457966	-95.47868924
29.82763128	-95.32559745
29.58962559	-95.49201839
29.65010031	-95.48402195
29.68041405	-95.5018347
29.80008323	-95.21008297
29.86533506	-95.30090689
29.78110805	-95.33775442
29.8498684	-95.37809677
29.84880842	-95.54744468
29.73441195	-95.3593867
29.77506882	-95.40780344
29.67929413	-95.36619648
29.72840576	-95.39827683
29.80214483	-95.35313631
29.72361811	-95.47885481
29.66625968	-95.60555683
29.8496293	-95.24075467
29.58287229	-95.45413215
29.67397841	-95.51111786
29.60948534	-95.40481422
29.68042586	-95.49981047
29.68153194	-95.46548336
29.7877206	-95.36161617
29.5842764	-95.45776442
29.74514863	-95.56363381
29.68852709	-95.50231179
29.67929312	-95.51408271
29.65046059	-95.48442531
29.78725349	-95.46968
29.82419246	-95.50149821
29.67773052	-95.50594708
29.8655219	-95.43439907
29.73892638	-95.39523307
29.86098685	-95.36389797
29.82394946	-95.50145075
29.65514021	-95.49577522
29.78652719	-95.33483653
29.79150824	-95.53885956
29.67976339	-95.50056566
29.79861952	-95.2778548
29.67500284	-95.50973239
29.67988961	-95.45053615
29.65695191	-95.57460851
29.57450532	-95.51414841
29.67858873	-95.50329745
29.77420637	-95.1919957
29.70882992	-95.33670797
29.79820126	-95.39895588
29.6805956	-95.49380732
29.74370879	-95.56665116
29.8122963	-95.52646677
29.64634461	-95.35085163